0
0.0
0.40167010277689064
0.4806369823327874
0.497716254611293
0.559342836726435
0.46212118785480644
0.5825924631198847
0.5663827176929415
0.7252180543997817
0.7648729594572599
0.866836695242394
1.0182118199877155
0.9895921998929238
0.9525729284884944
0.945909497894472
0.9513576561083197
0.9578323840656274
0.9890397584402408
0.9667406728955182
-0.04671269766526415
0.026546881037360123
0.07188257939642251
0.0826646238054673
0.07700144147315627
0.09847745593314018
0.7631813243656043
0.10595413155731763
0.9248572702819584
0.12361585667988347
0.9010645241910709
0.9254198891009622
1.0993343251514764
1.1430159770824375
1.139597390711016
1.0962493448125112
1.1642091767076341
1.239960951047511
1.2101607962079457
1.3339602562960007
1.4471177495470735
1.4380813464980011
1.4296557685487103
1.3886860070520324
1.3318711323883619
1.3281577729440959
1.14838238982176
1.0635904030960028
1.1921782720511225
1.1931475978237887
1.142293125711933
1.265192563756805
1.2685770777140075
1.291051620587921
1.288919926317319
1.2221044075652219
1.2118689166469123
1.2621006591984765
1.389802251422516
1.3213513990497612
1.25885362097161
1.3081837695601861
1.3229324180618653
1.348367993735873
1.3269876770336313
1.2906164928151849
1.2098368228930703
1.0772203239019722
1.0766522024990683
1.0319162233719745
1.0850761638705524
1.1345820457995495
1.0675864157872068
1.0673851599938762
1.057453812630809
1.1035178545793132
1.0647835180062535
1.063494778008214
1.0918332764014185
1.1974575314969798
1.2000741029616044
1.295946763828335
1.3087497917338775
1.2610939753096893
1.2813268752335327
1.383929740438356
1.4711572460929658
1.4235199160554797
1.501612652612617
1.410717370411484
1.5174632048010244
1.494084109415065
1.4644062957706028
1.5751309095068466
1.5969161982089648
1.6596901978722172
1.719150251167055
1.7365104669029847
1.813650638753853
1.7464811453365425
1.7677691575695058